(kicad_pcb (version 20171130) (host pcbnew "(5.0.2)-1")

  (general
    (thickness 1.6)
    (drawings 5)
    (tracks 78)
    (zones 0)
    (modules 14)
    (nets 13)
  )

  (page A4)
  (layers
    (0 F.Cu signal)
    (31 B.Cu signal)
    (32 B.Adhes user)
    (33 F.Adhes user)
    (34 B.Paste user)
    (35 F.Paste user)
    (36 B.SilkS user)
    (37 F.SilkS user)
    (38 B.Mask user)
    (39 F.Mask user)
    (40 Dwgs.User user)
    (41 Cmts.User user)
    (42 Eco1.User user)
    (43 Eco2.User user)
    (44 Edge.Cuts user)
    (45 Margin user)
    (46 B.CrtYd user)
    (47 F.CrtYd user)
    (48 B.Fab user)
    (49 F.Fab user)
  )

  (setup
    (last_trace_width 0.2)
    (trace_clearance 0.2)
    (zone_clearance 0.7)
    (zone_45_only no)
    (trace_min 0.2)
    (segment_width 0.2)
    (edge_width 0.15)
    (via_size 0.8)
    (via_drill 0.4)
    (via_min_size 0.4)
    (via_min_drill 0.3)
    (uvia_size 0.3)
    (uvia_drill 0.1)
    (uvias_allowed no)
    (uvia_min_size 0.2)
    (uvia_min_drill 0.1)
    (pcb_text_width 0.3)
    (pcb_text_size 1.5 1.5)
    (mod_edge_width 0.15)
    (mod_text_size 1 1)
    (mod_text_width 0.15)
    (pad_size 1.524 1.524)
    (pad_drill 0.762)
    (pad_to_mask_clearance 0.051)
    (solder_mask_min_width 0.25)
    (aux_axis_origin 0 0)
    (visible_elements FFFFFF7F)
    (pcbplotparams
      (layerselection 0x010fc_ffffffff)
      (usegerberextensions false)
      (usegerberattributes false)
      (usegerberadvancedattributes false)
      (creategerberjobfile false)
      (excludeedgelayer true)
      (linewidth 0.100000)
      (plotframeref false)
      (viasonmask false)
      (mode 1)
      (useauxorigin false)
      (hpglpennumber 1)
      (hpglpenspeed 20)
      (hpglpendiameter 15.000000)
      (psnegative false)
      (psa4output false)
      (plotreference true)
      (plotvalue true)
      (plotinvisibletext false)
      (padsonsilk false)
      (subtractmaskfromsilk false)
      (outputformat 1)
      (mirror false)
      (drillshape 1)
      (scaleselection 1)
      (outputdirectory ""))
  )

  (net 0 "")
  (net 1 "Net-(C1-Pad1)")
  (net 2 GND)
  (net 3 VDD)
  (net 4 "Net-(D1-Pad2)")
  (net 5 "Net-(J1-Pad1)")
  (net 6 "Net-(J1-Pad2)")
  (net 7 "Net-(J1-Pad3)")
  (net 8 "Net-(J1-Pad5)")
  (net 9 "Net-(R1-Pad2)")
  (net 10 "Net-(R3-Pad1)")
  (net 11 "Net-(R4-Pad1)")
  (net 12 "Net-(R5-Pad2)")

  (net_class Default "This is the default net class."
    (clearance 0.2)
    (trace_width 0.2)
    (via_dia 0.8)
    (via_drill 0.4)
    (uvia_dia 0.3)
    (uvia_drill 0.1)
    (add_net GND)
    (add_net "Net-(C1-Pad1)")
    (add_net "Net-(D1-Pad2)")
    (add_net "Net-(J1-Pad1)")
    (add_net "Net-(J1-Pad2)")
    (add_net "Net-(J1-Pad3)")
    (add_net "Net-(J1-Pad5)")
    (add_net "Net-(R1-Pad2)")
    (add_net "Net-(R3-Pad1)")
    (add_net "Net-(R4-Pad1)")
    (add_net "Net-(R5-Pad2)")
    (add_net VDD)
  )

  (module Capacitor_SMD:C_0603_1608Metric (layer F.Cu) (tedit 5B301BBE) (tstamp 5C6D6034)
    (at 139.1 99.0875 270)
    (descr "Capacitor SMD 0603 (1608 Metric), square (rectangular) end terminal, IPC_7351 nominal, (Body size source: http://www.tortai-tech.com/upload/download/2011102023233369053.pdf), generated with kicad-footprint-generator")
    (tags capacitor)
    (path /5C527B43)
    (attr smd)
    (fp_text reference R7 (at -0.0875 1.4 270) (layer F.SilkS)
      (effects (font (size 1 1) (thickness 0.15)))
    )
    (fp_text value 158K (at 0.2125 -1.5 270) (layer F.Fab)
      (effects (font (size 1 1) (thickness 0.15)))
    )
    (fp_text user %R (at -0.0125 -0.1 270) (layer F.Fab)
      (effects (font (size 0.4 0.4) (thickness 0.06)))
    )
    (fp_line (start 1.48 0.73) (end -1.48 0.73) (layer F.CrtYd) (width 0.05))
    (fp_line (start 1.48 -0.73) (end 1.48 0.73) (layer F.CrtYd) (width 0.05))
    (fp_line (start -1.48 -0.73) (end 1.48 -0.73) (layer F.CrtYd) (width 0.05))
    (fp_line (start -1.48 0.73) (end -1.48 -0.73) (layer F.CrtYd) (width 0.05))
    (fp_line (start -0.162779 0.51) (end 0.162779 0.51) (layer F.SilkS) (width 0.12))
    (fp_line (start -0.162779 -0.51) (end 0.162779 -0.51) (layer F.SilkS) (width 0.12))
    (fp_line (start 0.8 0.4) (end -0.8 0.4) (layer F.Fab) (width 0.1))
    (fp_line (start 0.8 -0.4) (end 0.8 0.4) (layer F.Fab) (width 0.1))
    (fp_line (start -0.8 -0.4) (end 0.8 -0.4) (layer F.Fab) (width 0.1))
    (fp_line (start -0.8 0.4) (end -0.8 -0.4) (layer F.Fab) (width 0.1))
    (pad 2 smd roundrect (at 0.7875 0 270) (size 0.875 0.95) (layers F.Cu F.Paste F.Mask) (roundrect_rratio 0.25)
      (net 11 "Net-(R4-Pad1)"))
    (pad 1 smd roundrect (at -0.7875 0 270) (size 0.875 0.95) (layers F.Cu F.Paste F.Mask) (roundrect_rratio 0.25)
      (net 12 "Net-(R5-Pad2)"))
    (model ${KISYS3DMOD}/Capacitor_SMD.3dshapes/C_0603_1608Metric.wrl
      (at (xyz 0 0 0))
      (scale (xyz 1 1 1))
      (rotate (xyz 0 0 0))
    )
  )

  (module Capacitor_SMD:C_0603_1608Metric (layer F.Cu) (tedit 5B301BBE) (tstamp 5C6D5B07)
    (at 139.9875 91.8)
    (descr "Capacitor SMD 0603 (1608 Metric), square (rectangular) end terminal, IPC_7351 nominal, (Body size source: http://www.tortai-tech.com/upload/download/2011102023233369053.pdf), generated with kicad-footprint-generator")
    (tags capacitor)
    (path /5C525A7A)
    (attr smd)
    (fp_text reference C1 (at -2.2875 -0.1 90) (layer F.SilkS)
      (effects (font (size 1 1) (thickness 0.15)))
    )
    (fp_text value 1u (at 0 1.43) (layer F.Fab)
      (effects (font (size 1 1) (thickness 0.15)))
    )
    (fp_line (start -0.8 0.4) (end -0.8 -0.4) (layer F.Fab) (width 0.1))
    (fp_line (start -0.8 -0.4) (end 0.8 -0.4) (layer F.Fab) (width 0.1))
    (fp_line (start 0.8 -0.4) (end 0.8 0.4) (layer F.Fab) (width 0.1))
    (fp_line (start 0.8 0.4) (end -0.8 0.4) (layer F.Fab) (width 0.1))
    (fp_line (start -0.162779 -0.51) (end 0.162779 -0.51) (layer F.SilkS) (width 0.12))
    (fp_line (start -0.162779 0.51) (end 0.162779 0.51) (layer F.SilkS) (width 0.12))
    (fp_line (start -1.48 0.73) (end -1.48 -0.73) (layer F.CrtYd) (width 0.05))
    (fp_line (start -1.48 -0.73) (end 1.48 -0.73) (layer F.CrtYd) (width 0.05))
    (fp_line (start 1.48 -0.73) (end 1.48 0.73) (layer F.CrtYd) (width 0.05))
    (fp_line (start 1.48 0.73) (end -1.48 0.73) (layer F.CrtYd) (width 0.05))
    (fp_text user %R (at -0.7875 1.27) (layer F.Fab)
      (effects (font (size 0.4 0.4) (thickness 0.06)))
    )
    (pad 1 smd roundrect (at -0.7875 0) (size 0.875 0.95) (layers F.Cu F.Paste F.Mask) (roundrect_rratio 0.25)
      (net 1 "Net-(C1-Pad1)"))
    (pad 2 smd roundrect (at 0.7875 0) (size 0.875 0.95) (layers F.Cu F.Paste F.Mask) (roundrect_rratio 0.25)
      (net 2 GND))
    (model ${KISYS3DMOD}/Capacitor_SMD.3dshapes/C_0603_1608Metric.wrl
      (at (xyz 0 0 0))
      (scale (xyz 1 1 1))
      (rotate (xyz 0 0 0))
    )
  )

  (module Capacitor_SMD:C_0805_2012Metric (layer F.Cu) (tedit 5B36C52B) (tstamp 5C6D5AD7)
    (at 133.6825 90.17)
    (descr "Capacitor SMD 0805 (2012 Metric), square (rectangular) end terminal, IPC_7351 nominal, (Body size source: https://docs.google.com/spreadsheets/d/1BsfQQcO9C6DZCsRaXUlFlo91Tg2WpOkGARC1WS5S8t0/edit?usp=sharing), generated with kicad-footprint-generator")
    (tags capacitor)
    (path /5C5A2599)
    (attr smd)
    (fp_text reference C2 (at 2.4175 0.23 90) (layer F.SilkS)
      (effects (font (size 1 1) (thickness 0.15)))
    )
    (fp_text value 10u (at 0 1.65) (layer F.Fab)
      (effects (font (size 1 1) (thickness 0.15)))
    )
    (fp_line (start -1 0.6) (end -1 -0.6) (layer F.Fab) (width 0.1))
    (fp_line (start -1 -0.6) (end 1 -0.6) (layer F.Fab) (width 0.1))
    (fp_line (start 1 -0.6) (end 1 0.6) (layer F.Fab) (width 0.1))
    (fp_line (start 1 0.6) (end -1 0.6) (layer F.Fab) (width 0.1))
    (fp_line (start -0.258578 -0.71) (end 0.258578 -0.71) (layer F.SilkS) (width 0.12))
    (fp_line (start -0.258578 0.71) (end 0.258578 0.71) (layer F.SilkS) (width 0.12))
    (fp_line (start -1.68 0.95) (end -1.68 -0.95) (layer F.CrtYd) (width 0.05))
    (fp_line (start -1.68 -0.95) (end 1.68 -0.95) (layer F.CrtYd) (width 0.05))
    (fp_line (start 1.68 -0.95) (end 1.68 0.95) (layer F.CrtYd) (width 0.05))
    (fp_line (start 1.68 0.95) (end -1.68 0.95) (layer F.CrtYd) (width 0.05))
    (fp_text user %R (at 0 0) (layer F.Fab)
      (effects (font (size 0.5 0.5) (thickness 0.08)))
    )
    (pad 1 smd roundrect (at -0.9375 0) (size 0.975 1.4) (layers F.Cu F.Paste F.Mask) (roundrect_rratio 0.25)
      (net 3 VDD))
    (pad 2 smd roundrect (at 0.9375 0) (size 0.975 1.4) (layers F.Cu F.Paste F.Mask) (roundrect_rratio 0.25)
      (net 2 GND))
    (model ${KISYS3DMOD}/Capacitor_SMD.3dshapes/C_0805_2012Metric.wrl
      (at (xyz 0 0 0))
      (scale (xyz 1 1 1))
      (rotate (xyz 0 0 0))
    )
  )

  (module Capacitor_SMD:C_0603_1608Metric (layer F.Cu) (tedit 5B301BBE) (tstamp 5C6D5A1A)
    (at 133.4 95)
    (descr "Capacitor SMD 0603 (1608 Metric), square (rectangular) end terminal, IPC_7351 nominal, (Body size source: http://www.tortai-tech.com/upload/download/2011102023233369053.pdf), generated with kicad-footprint-generator")
    (tags capacitor)
    (path /5C5A295B)
    (attr smd)
    (fp_text reference C3 (at 2.2 0.1 90) (layer F.SilkS)
      (effects (font (size 1 1) (thickness 0.15)))
    )
    (fp_text value .1u (at 0 1.43) (layer F.Fab)
      (effects (font (size 1 1) (thickness 0.15)))
    )
    (fp_line (start -0.8 0.4) (end -0.8 -0.4) (layer F.Fab) (width 0.1))
    (fp_line (start -0.8 -0.4) (end 0.8 -0.4) (layer F.Fab) (width 0.1))
    (fp_line (start 0.8 -0.4) (end 0.8 0.4) (layer F.Fab) (width 0.1))
    (fp_line (start 0.8 0.4) (end -0.8 0.4) (layer F.Fab) (width 0.1))
    (fp_line (start -0.162779 -0.51) (end 0.162779 -0.51) (layer F.SilkS) (width 0.12))
    (fp_line (start -0.162779 0.51) (end 0.162779 0.51) (layer F.SilkS) (width 0.12))
    (fp_line (start -1.48 0.73) (end -1.48 -0.73) (layer F.CrtYd) (width 0.05))
    (fp_line (start -1.48 -0.73) (end 1.48 -0.73) (layer F.CrtYd) (width 0.05))
    (fp_line (start 1.48 -0.73) (end 1.48 0.73) (layer F.CrtYd) (width 0.05))
    (fp_line (start 1.48 0.73) (end -1.48 0.73) (layer F.CrtYd) (width 0.05))
    (fp_text user %R (at 0 0) (layer F.Fab)
      (effects (font (size 0.4 0.4) (thickness 0.06)))
    )
    (pad 1 smd roundrect (at -0.7875 0) (size 0.875 0.95) (layers F.Cu F.Paste F.Mask) (roundrect_rratio 0.25)
      (net 3 VDD))
    (pad 2 smd roundrect (at 0.7875 0) (size 0.875 0.95) (layers F.Cu F.Paste F.Mask) (roundrect_rratio 0.25)
      (net 2 GND))
    (model ${KISYS3DMOD}/Capacitor_SMD.3dshapes/C_0603_1608Metric.wrl
      (at (xyz 0 0 0))
      (scale (xyz 1 1 1))
      (rotate (xyz 0 0 0))
    )
  )

  (module Blinky:LED (layer F.Cu) (tedit 5C5D0399) (tstamp 5C6D5A00)
    (at 147.7 94.2 270)
    (path /5C525AF3)
    (fp_text reference D1 (at -1.1 1.5 270) (layer F.SilkS)
      (effects (font (size 1 1) (thickness 0.15)))
    )
    (fp_text value LED (at -1.27 -1.27 270) (layer F.Fab)
      (effects (font (size 1 1) (thickness 0.15)))
    )
    (pad 1 smd rect (at 0 0 270) (size 1.2 1.2) (layers F.Cu F.Paste F.Mask)
      (net 2 GND))
    (pad 2 smd rect (at -2.1 0 270) (size 1.2 1.2) (layers F.Cu F.Paste F.Mask)
      (net 4 "Net-(D1-Pad2)"))
  )

  (module Blinky:USB (layer F.Cu) (tedit 5C5C70A0) (tstamp 5C6D5A49)
    (at 138.43 81.72 180)
    (path /5C5272CE)
    (fp_text reference J1 (at 0.13 2.22 270) (layer F.SilkS)
      (effects (font (size 1 1) (thickness 0.15)))
    )
    (fp_text value USB_A (at 0 3.81 180) (layer F.Fab)
      (effects (font (size 1 1) (thickness 0.15)))
    )
    (fp_line (start -7 4.85) (end 7 4.85) (layer F.SilkS) (width 0.15))
    (fp_line (start -6.985 4.445) (end -6.985 -1.27) (layer F.SilkS) (width 0.15))
    (fp_line (start -6.985 -1.27) (end 6.985 -1.27) (layer F.SilkS) (width 0.15))
    (fp_line (start 6.985 -1.27) (end 6.985 4.445) (layer F.SilkS) (width 0.15))
    (pad 1 thru_hole circle (at 3.5 0 180) (size 1.2248 1.2248) (drill 0.92) (layers *.Cu *.Mask)
      (net 5 "Net-(J1-Pad1)"))
    (pad 2 thru_hole circle (at 1 0 180) (size 1.2248 1.2248) (drill 0.92) (layers *.Cu *.Mask)
      (net 6 "Net-(J1-Pad2)"))
    (pad 3 thru_hole circle (at -1 0 180) (size 1.2248 1.2248) (drill 0.92) (layers *.Cu *.Mask)
      (net 7 "Net-(J1-Pad3)"))
    (pad 4 thru_hole circle (at -3.5 0 180) (size 1.2248 1.2248) (drill 0.92) (layers *.Cu *.Mask)
      (net 2 GND))
    (pad "" np_thru_hole circle (at 2.25 2.1 180) (size 1.1 1.1) (drill 1.1) (layers *.Cu *.Mask))
    (pad "" np_thru_hole circle (at -2.25 2.1 180) (size 1.1 1.1) (drill 1.1) (layers *.Cu *.Mask))
    (pad 5 thru_hole oval (at 5.7 2.1 180) (size 1.4 4.1) (drill oval 1 2.5) (layers *.Cu *.Mask)
      (net 8 "Net-(J1-Pad5)"))
    (pad 5 thru_hole oval (at -5.7 2.1 180) (size 1.4 4.1) (drill oval 1 2.5) (layers *.Cu *.Mask)
      (net 8 "Net-(J1-Pad5)"))
  )

  (module Capacitor_SMD:C_0603_1608Metric (layer F.Cu) (tedit 5B301BBE) (tstamp 5C6D59DB)
    (at 144.5125 99.3)
    (descr "Capacitor SMD 0603 (1608 Metric), square (rectangular) end terminal, IPC_7351 nominal, (Body size source: http://www.tortai-tech.com/upload/download/2011102023233369053.pdf), generated with kicad-footprint-generator")
    (tags capacitor)
    (path /5C52581B)
    (attr smd)
    (fp_text reference R1 (at -2.2125 -0.1 90) (layer F.SilkS)
      (effects (font (size 1 1) (thickness 0.15)))
    )
    (fp_text value 1K (at 0 1.43) (layer F.Fab)
      (effects (font (size 1 1) (thickness 0.15)))
    )
    (fp_line (start -0.8 0.4) (end -0.8 -0.4) (layer F.Fab) (width 0.1))
    (fp_line (start -0.8 -0.4) (end 0.8 -0.4) (layer F.Fab) (width 0.1))
    (fp_line (start 0.8 -0.4) (end 0.8 0.4) (layer F.Fab) (width 0.1))
    (fp_line (start 0.8 0.4) (end -0.8 0.4) (layer F.Fab) (width 0.1))
    (fp_line (start -0.162779 -0.51) (end 0.162779 -0.51) (layer F.SilkS) (width 0.12))
    (fp_line (start -0.162779 0.51) (end 0.162779 0.51) (layer F.SilkS) (width 0.12))
    (fp_line (start -1.48 0.73) (end -1.48 -0.73) (layer F.CrtYd) (width 0.05))
    (fp_line (start -1.48 -0.73) (end 1.48 -0.73) (layer F.CrtYd) (width 0.05))
    (fp_line (start 1.48 -0.73) (end 1.48 0.73) (layer F.CrtYd) (width 0.05))
    (fp_line (start 1.48 0.73) (end -1.48 0.73) (layer F.CrtYd) (width 0.05))
    (fp_text user %R (at 2.0575 0) (layer F.Fab)
      (effects (font (size 0.4 0.4) (thickness 0.06)))
    )
    (pad 1 smd roundrect (at -0.7875 0) (size 0.875 0.95) (layers F.Cu F.Paste F.Mask) (roundrect_rratio 0.25)
      (net 3 VDD))
    (pad 2 smd roundrect (at 0.7875 0) (size 0.875 0.95) (layers F.Cu F.Paste F.Mask) (roundrect_rratio 0.25)
      (net 9 "Net-(R1-Pad2)"))
    (model ${KISYS3DMOD}/Capacitor_SMD.3dshapes/C_0603_1608Metric.wrl
      (at (xyz 0 0 0))
      (scale (xyz 1 1 1))
      (rotate (xyz 0 0 0))
    )
  )

  (module Capacitor_SMD:C_0603_1608Metric (layer F.Cu) (tedit 5B301BBE) (tstamp 5C6D5AA7)
    (at 147.7 97.3125 90)
    (descr "Capacitor SMD 0603 (1608 Metric), square (rectangular) end terminal, IPC_7351 nominal, (Body size source: http://www.tortai-tech.com/upload/download/2011102023233369053.pdf), generated with kicad-footprint-generator")
    (tags capacitor)
    (path /5C525865)
    (attr smd)
    (fp_text reference R2 (at 0 -1.43 90) (layer F.SilkS)
      (effects (font (size 1 1) (thickness 0.15)))
    )
    (fp_text value 1K (at 0 1.43 90) (layer F.Fab)
      (effects (font (size 1 1) (thickness 0.15)))
    )
    (fp_text user %R (at 0 0 270) (layer F.Fab)
      (effects (font (size 0.4 0.4) (thickness 0.06)))
    )
    (fp_line (start 1.48 0.73) (end -1.48 0.73) (layer F.CrtYd) (width 0.05))
    (fp_line (start 1.48 -0.73) (end 1.48 0.73) (layer F.CrtYd) (width 0.05))
    (fp_line (start -1.48 -0.73) (end 1.48 -0.73) (layer F.CrtYd) (width 0.05))
    (fp_line (start -1.48 0.73) (end -1.48 -0.73) (layer F.CrtYd) (width 0.05))
    (fp_line (start -0.162779 0.51) (end 0.162779 0.51) (layer F.SilkS) (width 0.12))
    (fp_line (start -0.162779 -0.51) (end 0.162779 -0.51) (layer F.SilkS) (width 0.12))
    (fp_line (start 0.8 0.4) (end -0.8 0.4) (layer F.Fab) (width 0.1))
    (fp_line (start 0.8 -0.4) (end 0.8 0.4) (layer F.Fab) (width 0.1))
    (fp_line (start -0.8 -0.4) (end 0.8 -0.4) (layer F.Fab) (width 0.1))
    (fp_line (start -0.8 0.4) (end -0.8 -0.4) (layer F.Fab) (width 0.1))
    (pad 2 smd roundrect (at 0.7875 0 90) (size 0.875 0.95) (layers F.Cu F.Paste F.Mask) (roundrect_rratio 0.25)
      (net 2 GND))
    (pad 1 smd roundrect (at -0.7875 0 90) (size 0.875 0.95) (layers F.Cu F.Paste F.Mask) (roundrect_rratio 0.25)
      (net 9 "Net-(R1-Pad2)"))
    (model ${KISYS3DMOD}/Capacitor_SMD.3dshapes/C_0603_1608Metric.wrl
      (at (xyz 0 0 0))
      (scale (xyz 1 1 1))
      (rotate (xyz 0 0 0))
    )
  )

  (module Capacitor_SMD:C_0603_1608Metric (layer F.Cu) (tedit 5B301BBE) (tstamp 5C6D5A77)
    (at 151.4 90.7125 270)
    (descr "Capacitor SMD 0603 (1608 Metric), square (rectangular) end terminal, IPC_7351 nominal, (Body size source: http://www.tortai-tech.com/upload/download/2011102023233369053.pdf), generated with kicad-footprint-generator")
    (tags capacitor)
    (path /5C5258AB)
    (attr smd)
    (fp_text reference R3 (at -0.0125 1.5 270) (layer F.SilkS)
      (effects (font (size 1 1) (thickness 0.15)))
    )
    (fp_text value 1M (at 2.5875 -0.1 270) (layer F.Fab)
      (effects (font (size 1 1) (thickness 0.15)))
    )
    (fp_line (start -0.8 0.4) (end -0.8 -0.4) (layer F.Fab) (width 0.1))
    (fp_line (start -0.8 -0.4) (end 0.8 -0.4) (layer F.Fab) (width 0.1))
    (fp_line (start 0.8 -0.4) (end 0.8 0.4) (layer F.Fab) (width 0.1))
    (fp_line (start 0.8 0.4) (end -0.8 0.4) (layer F.Fab) (width 0.1))
    (fp_line (start -0.162779 -0.51) (end 0.162779 -0.51) (layer F.SilkS) (width 0.12))
    (fp_line (start -0.162779 0.51) (end 0.162779 0.51) (layer F.SilkS) (width 0.12))
    (fp_line (start -1.48 0.73) (end -1.48 -0.73) (layer F.CrtYd) (width 0.05))
    (fp_line (start -1.48 -0.73) (end 1.48 -0.73) (layer F.CrtYd) (width 0.05))
    (fp_line (start 1.48 -0.73) (end 1.48 0.73) (layer F.CrtYd) (width 0.05))
    (fp_line (start 1.48 0.73) (end -1.48 0.73) (layer F.CrtYd) (width 0.05))
    (fp_text user %R (at 0 0) (layer F.Fab)
      (effects (font (size 0.4 0.4) (thickness 0.06)))
    )
    (pad 1 smd roundrect (at -0.7875 0 270) (size 0.875 0.95) (layers F.Cu F.Paste F.Mask) (roundrect_rratio 0.25)
      (net 10 "Net-(R3-Pad1)"))
    (pad 2 smd roundrect (at 0.7875 0 270) (size 0.875 0.95) (layers F.Cu F.Paste F.Mask) (roundrect_rratio 0.25)
      (net 9 "Net-(R1-Pad2)"))
    (model ${KISYS3DMOD}/Capacitor_SMD.3dshapes/C_0603_1608Metric.wrl
      (at (xyz 0 0 0))
      (scale (xyz 1 1 1))
      (rotate (xyz 0 0 0))
    )
  )

  (module Capacitor_SMD:C_0603_1608Metric (layer F.Cu) (tedit 5B301BBE) (tstamp 5C6D59AB)
    (at 147.6 84.6125 90)
    (descr "Capacitor SMD 0603 (1608 Metric), square (rectangular) end terminal, IPC_7351 nominal, (Body size source: http://www.tortai-tech.com/upload/download/2011102023233369053.pdf), generated with kicad-footprint-generator")
    (tags capacitor)
    (path /5C5258FF)
    (attr smd)
    (fp_text reference R4 (at 0 -1.43 90) (layer F.SilkS)
      (effects (font (size 1 1) (thickness 0.15)))
    )
    (fp_text value 1M (at 0 1.43 90) (layer F.Fab)
      (effects (font (size 1 1) (thickness 0.15)))
    )
    (fp_text user %R (at 0 0 90) (layer F.Fab)
      (effects (font (size 0.4 0.4) (thickness 0.06)))
    )
    (fp_line (start 1.48 0.73) (end -1.48 0.73) (layer F.CrtYd) (width 0.05))
    (fp_line (start 1.48 -0.73) (end 1.48 0.73) (layer F.CrtYd) (width 0.05))
    (fp_line (start -1.48 -0.73) (end 1.48 -0.73) (layer F.CrtYd) (width 0.05))
    (fp_line (start -1.48 0.73) (end -1.48 -0.73) (layer F.CrtYd) (width 0.05))
    (fp_line (start -0.162779 0.51) (end 0.162779 0.51) (layer F.SilkS) (width 0.12))
    (fp_line (start -0.162779 -0.51) (end 0.162779 -0.51) (layer F.SilkS) (width 0.12))
    (fp_line (start 0.8 0.4) (end -0.8 0.4) (layer F.Fab) (width 0.1))
    (fp_line (start 0.8 -0.4) (end 0.8 0.4) (layer F.Fab) (width 0.1))
    (fp_line (start -0.8 -0.4) (end 0.8 -0.4) (layer F.Fab) (width 0.1))
    (fp_line (start -0.8 0.4) (end -0.8 -0.4) (layer F.Fab) (width 0.1))
    (pad 2 smd roundrect (at 0.7875 0 90) (size 0.875 0.95) (layers F.Cu F.Paste F.Mask) (roundrect_rratio 0.25)
      (net 10 "Net-(R3-Pad1)"))
    (pad 1 smd roundrect (at -0.7875 0 90) (size 0.875 0.95) (layers F.Cu F.Paste F.Mask) (roundrect_rratio 0.25)
      (net 11 "Net-(R4-Pad1)"))
    (model ${KISYS3DMOD}/Capacitor_SMD.3dshapes/C_0603_1608Metric.wrl
      (at (xyz 0 0 0))
      (scale (xyz 1 1 1))
      (rotate (xyz 0 0 0))
    )
  )

  (module Capacitor_SMD:C_0603_1608Metric (layer F.Cu) (tedit 5B301BBE) (tstamp 5C6D597B)
    (at 139.1 95.4 270)
    (descr "Capacitor SMD 0603 (1608 Metric), square (rectangular) end terminal, IPC_7351 nominal, (Body size source: http://www.tortai-tech.com/upload/download/2011102023233369053.pdf), generated with kicad-footprint-generator")
    (tags capacitor)
    (path /5C525A23)
    (attr smd)
    (fp_text reference R5 (at -0.2 1.4 270) (layer F.SilkS)
      (effects (font (size 1 1) (thickness 0.15)))
    )
    (fp_text value 301K (at 0.2 -1.5 270) (layer F.Fab)
      (effects (font (size 1 1) (thickness 0.15)))
    )
    (fp_text user %R (at -0.06 0.15) (layer F.Fab)
      (effects (font (size 0.4 0.4) (thickness 0.06)))
    )
    (fp_line (start 1.48 0.73) (end -1.48 0.73) (layer F.CrtYd) (width 0.05))
    (fp_line (start 1.48 -0.73) (end 1.48 0.73) (layer F.CrtYd) (width 0.05))
    (fp_line (start -1.48 -0.73) (end 1.48 -0.73) (layer F.CrtYd) (width 0.05))
    (fp_line (start -1.48 0.73) (end -1.48 -0.73) (layer F.CrtYd) (width 0.05))
    (fp_line (start -0.162779 0.51) (end 0.162779 0.51) (layer F.SilkS) (width 0.12))
    (fp_line (start -0.162779 -0.51) (end 0.162779 -0.51) (layer F.SilkS) (width 0.12))
    (fp_line (start 0.8 0.4) (end -0.8 0.4) (layer F.Fab) (width 0.1))
    (fp_line (start 0.8 -0.4) (end 0.8 0.4) (layer F.Fab) (width 0.1))
    (fp_line (start -0.8 -0.4) (end 0.8 -0.4) (layer F.Fab) (width 0.1))
    (fp_line (start -0.8 0.4) (end -0.8 -0.4) (layer F.Fab) (width 0.1))
    (pad 2 smd roundrect (at 0.7875 0 270) (size 0.875 0.95) (layers F.Cu F.Paste F.Mask) (roundrect_rratio 0.25)
      (net 12 "Net-(R5-Pad2)"))
    (pad 1 smd roundrect (at -0.7875 0 270) (size 0.875 0.95) (layers F.Cu F.Paste F.Mask) (roundrect_rratio 0.25)
      (net 1 "Net-(C1-Pad1)"))
    (model ${KISYS3DMOD}/Capacitor_SMD.3dshapes/C_0603_1608Metric.wrl
      (at (xyz 0 0 0))
      (scale (xyz 1 1 1))
      (rotate (xyz 0 0 0))
    )
  )

  (module Capacitor_SMD:C_0603_1608Metric (layer F.Cu) (tedit 5B301BBE) (tstamp 5C6D64EB)
    (at 147.6 88.9125 270)
    (descr "Capacitor SMD 0603 (1608 Metric), square (rectangular) end terminal, IPC_7351 nominal, (Body size source: http://www.tortai-tech.com/upload/download/2011102023233369053.pdf), generated with kicad-footprint-generator")
    (tags capacitor)
    (path /5C5259C7)
    (attr smd)
    (fp_text reference R6 (at 0.0875 1.3 270) (layer F.SilkS)
      (effects (font (size 1 1) (thickness 0.15)))
    )
    (fp_text value 1K (at -0.0125 -1.4 270) (layer F.Fab)
      (effects (font (size 1 1) (thickness 0.15)))
    )
    (fp_line (start -0.8 0.4) (end -0.8 -0.4) (layer F.Fab) (width 0.1))
    (fp_line (start -0.8 -0.4) (end 0.8 -0.4) (layer F.Fab) (width 0.1))
    (fp_line (start 0.8 -0.4) (end 0.8 0.4) (layer F.Fab) (width 0.1))
    (fp_line (start 0.8 0.4) (end -0.8 0.4) (layer F.Fab) (width 0.1))
    (fp_line (start -0.162779 -0.51) (end 0.162779 -0.51) (layer F.SilkS) (width 0.12))
    (fp_line (start -0.162779 0.51) (end 0.162779 0.51) (layer F.SilkS) (width 0.12))
    (fp_line (start -1.48 0.73) (end -1.48 -0.73) (layer F.CrtYd) (width 0.05))
    (fp_line (start -1.48 -0.73) (end 1.48 -0.73) (layer F.CrtYd) (width 0.05))
    (fp_line (start 1.48 -0.73) (end 1.48 0.73) (layer F.CrtYd) (width 0.05))
    (fp_line (start 1.48 0.73) (end -1.48 0.73) (layer F.CrtYd) (width 0.05))
    (fp_text user %R (at 0 0 270) (layer F.Fab)
      (effects (font (size 0.4 0.4) (thickness 0.06)))
    )
    (pad 1 smd roundrect (at -0.7875 0 270) (size 0.875 0.95) (layers F.Cu F.Paste F.Mask) (roundrect_rratio 0.25)
      (net 11 "Net-(R4-Pad1)"))
    (pad 2 smd roundrect (at 0.7875 0 270) (size 0.875 0.95) (layers F.Cu F.Paste F.Mask) (roundrect_rratio 0.25)
      (net 4 "Net-(D1-Pad2)"))
    (model ${KISYS3DMOD}/Capacitor_SMD.3dshapes/C_0603_1608Metric.wrl
      (at (xyz 0 0 0))
      (scale (xyz 1 1 1))
      (rotate (xyz 0 0 0))
    )
  )

  (module Blinky:RegLin (layer F.Cu) (tedit 5C5B726D) (tstamp 5C6D58F7)
    (at 135 84.6)
    (path /5C5264D1)
    (fp_text reference U1 (at -1.9 1 90) (layer F.SilkS)
      (effects (font (size 1 1) (thickness 0.15)))
    )
    (fp_text value LinReg (at 0 -2.54) (layer F.Fab)
      (effects (font (size 1 1) (thickness 0.15)))
    )
    (fp_line (start -1.016 0.508) (end 1.016 0.508) (layer F.SilkS) (width 0.15))
    (fp_line (start 1.016 0.508) (end 1.016 2.032) (layer F.SilkS) (width 0.15))
    (fp_line (start 1.016 2.032) (end -1.016 2.032) (layer F.SilkS) (width 0.15))
    (fp_line (start -1.016 2.032) (end -1.016 0.508) (layer F.SilkS) (width 0.15))
    (pad 3 smd rect (at 0 0) (size 0.6 1) (layers F.Cu F.Paste F.Mask)
      (net 5 "Net-(J1-Pad1)"))
    (pad 1 smd rect (at -0.95 2.7) (size 0.6 1) (layers F.Cu F.Paste F.Mask)
      (net 2 GND))
    (pad 2 smd rect (at 0.95 2.7) (size 0.6 1) (layers F.Cu F.Paste F.Mask)
      (net 3 VDD))
  )

  (module Blinky:SOT23 (layer F.Cu) (tedit 5C5B7213) (tstamp 5C6D58D5)
    (at 140.8 87.6 90)
    (path /5C525F3F)
    (fp_text reference U2 (at 1.016 4.3 90) (layer F.SilkS)
      (effects (font (size 1 1) (thickness 0.15)))
    )
    (fp_text value Op-Amp (at 1.016 -1.524 90) (layer F.Fab)
      (effects (font (size 1 1) (thickness 0.15)))
    )
    (fp_line (start -0.381 0.508) (end 2.3114 0.508) (layer F.SilkS) (width 0.15))
    (fp_line (start 2.3114 0.508) (end 2.3114 2.413) (layer F.SilkS) (width 0.15))
    (fp_line (start 2.3114 2.413) (end -0.3683 2.413) (layer F.SilkS) (width 0.15))
    (fp_line (start -0.3683 2.413) (end -0.381 0.5207) (layer F.SilkS) (width 0.15))
    (pad 5 smd rect (at 0 0 90) (size 0.6 1.1) (layers F.Cu F.Paste F.Mask)
      (net 3 VDD))
    (pad 1 smd rect (at 0 2.8 90) (size 0.6 1) (layers F.Cu F.Paste F.Mask)
      (net 11 "Net-(R4-Pad1)"))
    (pad 2 smd rect (at 0.95 2.8 90) (size 0.6 1) (layers F.Cu F.Paste F.Mask)
      (net 2 GND))
    (pad 3 smd rect (at 1.9 2.8 90) (size 0.6 1) (layers F.Cu F.Paste F.Mask)
      (net 10 "Net-(R3-Pad1)"))
    (pad 4 smd rect (at 1.9 0 90) (size 0.6 1) (layers F.Cu F.Paste F.Mask)
      (net 1 "Net-(C1-Pad1)"))
  )

  (gr_text "Lauren\nPudvan\nMP1" (at 149.2 79.8) (layer F.SilkS)
    (effects (font (size 1 1) (thickness 0.15)))
  )
  (gr_line (start 131 101.7) (end 131 76.8) (layer Edge.Cuts) (width 0.2))
  (gr_line (start 153 101.8) (end 131 101.7) (layer Edge.Cuts) (width 0.2))
  (gr_line (start 153 76.8) (end 153 101.8) (layer Edge.Cuts) (width 0.2) (tstamp 5C6D7742))
  (gr_line (start 131 76.8) (end 153 76.8) (layer Edge.Cuts) (width 0.2))

  (via (at 146.3 95.5) (size 0.8) (drill 0.4) (layers F.Cu B.Cu) (net 2))
  (segment (start 140.6 85.7) (end 140.8 85.7) (width 0.2) (layer F.Cu) (net 1))
  (segment (start 139.1 87.2) (end 140.6 85.7) (width 0.2) (layer F.Cu) (net 1))
  (segment (start 134.05 89.6) (end 134.62 90.17) (width 0.2) (layer F.Cu) (net 2))
  (segment (start 134.05 87.3) (end 134.05 89.6) (width 0.2) (layer F.Cu) (net 2))
  (segment (start 135.176237 90.726237) (end 135.176237 92.076237) (width 0.2) (layer F.Cu) (net 2))
  (segment (start 134.62 90.17) (end 135.176237 90.726237) (width 0.2) (layer F.Cu) (net 2))
  (segment (start 135.176237 92.076237) (end 135.176237 92.076237) (width 0.2) (layer F.Cu) (net 2) (tstamp 5C6D6623))
  (via (at 135.176237 92.076237) (size 0.8) (drill 0.4) (layers F.Cu B.Cu) (net 2))
  (segment (start 134.1875 93.064974) (end 134.1875 95) (width 0.2) (layer F.Cu) (net 2))
  (segment (start 135.176237 92.076237) (end 134.1875 93.064974) (width 0.2) (layer F.Cu) (net 2))
  (via (at 143.6 84.1) (size 0.8) (drill 0.4) (layers F.Cu B.Cu) (net 2))
  (segment (start 143.6 83.39) (end 141.93 81.72) (width 0.2) (layer F.Cu) (net 2))
  (segment (start 143.6 84.1) (end 143.6 83.39) (width 0.2) (layer F.Cu) (net 2))
  (segment (start 142.9 86.65) (end 142.2 85.95) (width 0.2) (layer F.Cu) (net 2))
  (segment (start 143.6 86.65) (end 142.9 86.65) (width 0.2) (layer F.Cu) (net 2))
  (segment (start 142.2 85.95) (end 142.2 85.5) (width 0.2) (layer F.Cu) (net 2))
  (segment (start 142.2 85.5) (end 143.6 84.1) (width 0.2) (layer F.Cu) (net 2))
  (segment (start 147.325 96.525) (end 146.3 95.5) (width 0.2) (layer F.Cu) (net 2))
  (segment (start 147.7 96.525) (end 147.325 96.525) (width 0.2) (layer F.Cu) (net 2))
  (segment (start 147.7 94.2) (end 146.9 94.2) (width 0.2) (layer F.Cu) (net 2))
  (segment (start 146.3 94.8) (end 146.3 95.5) (width 0.2) (layer F.Cu) (net 2))
  (segment (start 146.9 94.2) (end 146.3 94.8) (width 0.2) (layer F.Cu) (net 2))
  (segment (start 147.6 92) (end 147.7 92.1) (width 0.2) (layer F.Cu) (net 4))
  (segment (start 147.6 89.7) (end 147.6 92) (width 0.2) (layer F.Cu) (net 4))
  (segment (start 135 81.79) (end 134.93 81.72) (width 0.2) (layer F.Cu) (net 5))
  (segment (start 135 84.6) (end 135 81.79) (width 0.2) (layer F.Cu) (net 5))
  (segment (start 147.7 98.1) (end 147.7 99.3) (width 0.2) (layer F.Cu) (net 9))
  (segment (start 147.7 99.3) (end 145.3 99.3) (width 0.2) (layer F.Cu) (net 9))
  (segment (start 145.675 83.825) (end 147.6 83.825) (width 0.2) (layer F.Cu) (net 10))
  (segment (start 143.6 85.7) (end 143.8 85.7) (width 0.2) (layer F.Cu) (net 10))
  (segment (start 143.8 85.7) (end 145.675 83.825) (width 0.2) (layer F.Cu) (net 10))
  (segment (start 147.075 87.6) (end 147.6 88.125) (width 0.2) (layer F.Cu) (net 11))
  (segment (start 143.6 87.6) (end 147.075 87.6) (width 0.2) (layer F.Cu) (net 11))
  (segment (start 147.6 85.4) (end 147.6 88.125) (width 0.2) (layer F.Cu) (net 11))
  (segment (start 139.1 94.8) (end 139.1 95.3375) (width 0.2) (layer F.Cu) (net 1))
  (segment (start 139.2 94.5125) (end 139.1 94.6125) (width 0.2) (layer F.Cu) (net 1))
  (segment (start 139.2 91.8) (end 139.2 94.5125) (width 0.2) (layer F.Cu) (net 1))
  (segment (start 139.1 91.125) (end 139.1 87.2) (width 0.2) (layer F.Cu) (net 1))
  (segment (start 139.2 91.225) (end 139.1 91.125) (width 0.2) (layer F.Cu) (net 1))
  (segment (start 139.2 91.8) (end 139.2 91.225) (width 0.2) (layer F.Cu) (net 1))
  (segment (start 140.775 91.8) (end 140.775 92.925) (width 0.2) (layer F.Cu) (net 2))
  (via (at 140.4 93.3) (size 0.8) (drill 0.4) (layers F.Cu B.Cu) (net 2))
  (segment (start 140.775 92.925) (end 140.4 93.3) (width 0.2) (layer F.Cu) (net 2))
  (via (at 140.6 89.2) (size 0.8) (drill 0.4) (layers F.Cu B.Cu) (net 3))
  (segment (start 140.8 87.6) (end 140.8 89) (width 0.2) (layer F.Cu) (net 3))
  (segment (start 140.8 89) (end 140.6 89.2) (width 0.2) (layer F.Cu) (net 3))
  (via (at 136.8 89) (size 0.8) (drill 0.4) (layers F.Cu B.Cu) (net 3))
  (segment (start 140.6 89.2) (end 137 89.2) (width 0.2) (layer B.Cu) (net 3))
  (segment (start 137 89.2) (end 136.8 89) (width 0.2) (layer B.Cu) (net 3))
  (segment (start 136.45 87.3) (end 135.95 87.3) (width 0.2) (layer F.Cu) (net 3))
  (segment (start 136.8 87.65) (end 136.45 87.3) (width 0.2) (layer F.Cu) (net 3))
  (segment (start 136.8 89) (end 136.8 87.65) (width 0.2) (layer F.Cu) (net 3))
  (via (at 144.4 90.5) (size 0.8) (drill 0.4) (layers F.Cu B.Cu) (net 3))
  (segment (start 140.6 89.2) (end 143.1 89.2) (width 0.2) (layer B.Cu) (net 3))
  (segment (start 143.1 89.2) (end 144.4 90.5) (width 0.2) (layer B.Cu) (net 3))
  (segment (start 143.23 79.62) (end 144.13 79.62) (width 0.2) (layer F.Cu) (net 8))
  (segment (start 140.98 77.37) (end 143.23 79.62) (width 0.2) (layer F.Cu) (net 8))
  (segment (start 135.88 77.37) (end 140.98 77.37) (width 0.2) (layer F.Cu) (net 8))
  (segment (start 133.63 79.62) (end 135.88 77.37) (width 0.2) (layer F.Cu) (net 8))
  (segment (start 132.73 79.62) (end 133.63 79.62) (width 0.2) (layer F.Cu) (net 8))
  (segment (start 151.4 92.0375) (end 151.4 91.5) (width 0.2) (layer F.Cu) (net 9))
  (segment (start 151.4 94.975) (end 151.4 92.0375) (width 0.2) (layer F.Cu) (net 9))
  (segment (start 148.275 98.1) (end 151.4 94.975) (width 0.2) (layer F.Cu) (net 9))
  (segment (start 147.7 98.1) (end 148.275 98.1) (width 0.2) (layer F.Cu) (net 9))
  (segment (start 148.275 84.5) (end 147.6 83.825) (width 0.2) (layer F.Cu) (net 10))
  (segment (start 151.4 89.925) (end 151.4 84.5) (width 0.2) (layer F.Cu) (net 10))
  (segment (start 151.4 84.5) (end 148.275 84.5) (width 0.2) (layer F.Cu) (net 10))
  (segment (start 139.675 99.875) (end 140.9 98.65) (width 0.2) (layer F.Cu) (net 11))
  (segment (start 139.1 99.875) (end 139.675 99.875) (width 0.2) (layer F.Cu) (net 11))
  (segment (start 140.9 98.65) (end 140.9 94) (width 0.2) (layer F.Cu) (net 11))
  (segment (start 140.9 94) (end 142.3 92.6) (width 0.2) (layer F.Cu) (net 11))
  (segment (start 142.3 88.9) (end 143.6 87.6) (width 0.2) (layer F.Cu) (net 11))
  (segment (start 142.3 92.1) (end 142.3 91.8) (width 0.2) (layer F.Cu) (net 11))
  (segment (start 142.3 92.1) (end 142.3 88.9) (width 0.2) (layer F.Cu) (net 11))
  (segment (start 142.3 92.6) (end 142.3 92.1) (width 0.2) (layer F.Cu) (net 11))
  (segment (start 139.1 96.725) (end 139.1 98.3) (width 0.2) (layer F.Cu) (net 12))
  (segment (start 139.1 96.1875) (end 139.1 96.725) (width 0.2) (layer F.Cu) (net 12))

  (zone (net 3) (net_name VDD) (layer F.Cu) (tstamp 0) (hatch edge 0.508)
    (connect_pads (clearance 0.7))
    (min_thickness 0.5)
    (fill yes (arc_segments 16) (thermal_gap 0.508) (thermal_bridge_width 0.508))
    (polygon
      (pts
        (xy 131 76.8) (xy 153 76.8) (xy 153 101.8) (xy 131 101.7)
      )
    )
    (filled_polygon
      (pts
        (xy 146.246771 88.798133) (xy 146.323189 88.9125) (xy 146.246771 89.026867) (xy 146.156389 89.48125) (xy 146.156389 89.91875)
        (xy 146.246771 90.373133) (xy 146.502881 90.756428) (xy 146.415089 90.815089) (xy 146.20512 91.129329) (xy 146.131389 91.5)
        (xy 146.131389 92.7) (xy 146.20512 93.070671) (xy 146.258126 93.15) (xy 146.20512 93.229329) (xy 146.165628 93.427869)
        (xy 146.142993 93.442993) (xy 146.084415 93.530661) (xy 145.630661 93.984415) (xy 145.542993 94.042993) (xy 145.484415 94.130661)
        (xy 145.484414 94.130662) (xy 145.436206 94.202811) (xy 145.310922 94.390312) (xy 145.26385 94.626961) (xy 145.155525 94.735286)
        (xy 144.95 95.231468) (xy 144.95 95.768532) (xy 145.155525 96.264714) (xy 145.535286 96.644475) (xy 146.031468 96.85)
        (xy 146.165075 96.85) (xy 146.305444 96.990369) (xy 146.346771 97.198133) (xy 146.423189 97.3125) (xy 146.346771 97.426867)
        (xy 146.256389 97.88125) (xy 146.256389 98.136037) (xy 145.973133 97.946771) (xy 145.51875 97.856389) (xy 145.08125 97.856389)
        (xy 144.626867 97.946771) (xy 144.395784 98.101176) (xy 144.313276 98.067) (xy 143.9185 98.067) (xy 143.729 98.2565)
        (xy 143.729 99.296) (xy 143.749 99.296) (xy 143.749 99.304) (xy 143.729 99.304) (xy 143.729 100.3435)
        (xy 143.9185 100.533) (xy 144.313276 100.533) (xy 144.395784 100.498824) (xy 144.626867 100.653229) (xy 144.914736 100.710489)
        (xy 140.357984 100.690678) (xy 140.369101 100.67404) (xy 140.432007 100.632007) (xy 140.490585 100.544339) (xy 141.541424 99.4935)
        (xy 142.5295 99.4935) (xy 142.5295 99.925775) (xy 142.644898 100.204372) (xy 142.858127 100.417601) (xy 143.136724 100.533)
        (xy 143.5315 100.533) (xy 143.721 100.3435) (xy 143.721 99.304) (xy 142.719 99.304) (xy 142.5295 99.4935)
        (xy 141.541424 99.4935) (xy 141.569339 99.465585) (xy 141.657007 99.407007) (xy 141.725835 99.304) (xy 141.869441 99.089078)
        (xy 141.889078 99.059689) (xy 141.95 98.753413) (xy 141.95 98.753408) (xy 141.96575 98.674225) (xy 142.5295 98.674225)
        (xy 142.5295 99.1065) (xy 142.719 99.296) (xy 143.721 99.296) (xy 143.721 98.2565) (xy 143.5315 98.067)
        (xy 143.136724 98.067) (xy 142.858127 98.182399) (xy 142.644898 98.395628) (xy 142.5295 98.674225) (xy 141.96575 98.674225)
        (xy 141.970569 98.65) (xy 141.95 98.546592) (xy 141.95 94.434924) (xy 142.969342 93.415583) (xy 143.057007 93.357007)
        (xy 143.115583 93.269342) (xy 143.115586 93.269339) (xy 143.248331 93.070671) (xy 143.289078 93.009689) (xy 143.35 92.703413)
        (xy 143.35 92.703408) (xy 143.370569 92.6) (xy 143.35 92.496592) (xy 143.35 89.334924) (xy 143.816313 88.868611)
        (xy 144.1 88.868611) (xy 144.470671 88.79488) (xy 144.687499 88.65) (xy 146.217306 88.65)
      )
    )
    (filled_polygon
      (pts
        (xy 133.605461 82.605028) (xy 133.950001 82.949568) (xy 133.95 83.512501) (xy 133.80512 83.729329) (xy 133.731389 84.1)
        (xy 133.731389 85.1) (xy 133.80512 85.470671) (xy 134.015089 85.784911) (xy 134.084648 85.831389) (xy 133.75 85.831389)
        (xy 133.379329 85.90512) (xy 133.065089 86.115089) (xy 132.85512 86.429329) (xy 132.781389 86.8) (xy 132.781389 87.8)
        (xy 132.85512 88.170671) (xy 133 88.387499) (xy 133.000001 88.712) (xy 132.9385 88.712) (xy 132.749 88.9015)
        (xy 132.749 90.166) (xy 132.769 90.166) (xy 132.769 90.174) (xy 132.749 90.174) (xy 132.749 91.4385)
        (xy 132.9385 91.628) (xy 133.383276 91.628) (xy 133.600532 91.538009) (xy 133.864806 91.714591) (xy 133.826237 91.807705)
        (xy 133.826237 91.941313) (xy 133.518161 92.249389) (xy 133.430493 92.307967) (xy 133.371915 92.395635) (xy 133.371914 92.395636)
        (xy 133.311583 92.485928) (xy 133.198422 92.655286) (xy 133.1375 92.961562) (xy 133.1375 92.961566) (xy 133.116931 93.064974)
        (xy 133.1375 93.168382) (xy 133.1375 93.767) (xy 132.806 93.767) (xy 132.6165 93.9565) (xy 132.6165 94.996)
        (xy 132.6365 94.996) (xy 132.6365 95.004) (xy 132.6165 95.004) (xy 132.6165 96.0435) (xy 132.806 96.233)
        (xy 133.200776 96.233) (xy 133.283284 96.198824) (xy 133.514367 96.353229) (xy 133.96875 96.443611) (xy 134.40625 96.443611)
        (xy 134.860633 96.353229) (xy 135.245841 96.095841) (xy 135.503229 95.710633) (xy 135.593611 95.25625) (xy 135.593611 94.74375)
        (xy 135.503229 94.289367) (xy 135.245841 93.904159) (xy 135.2375 93.898586) (xy 135.2375 93.499898) (xy 135.311161 93.426237)
        (xy 135.444769 93.426237) (xy 135.940951 93.220712) (xy 136.320712 92.840951) (xy 136.526237 92.344769) (xy 136.526237 91.807705)
        (xy 136.320712 91.311523) (xy 136.226237 91.217048) (xy 136.226237 90.829645) (xy 136.246806 90.726237) (xy 136.226237 90.622829)
        (xy 136.226237 90.622824) (xy 136.165315 90.316548) (xy 136.076111 90.183045) (xy 136.076111 89.71375) (xy 135.983826 89.2498)
        (xy 135.721019 88.856481) (xy 135.3277 88.593674) (xy 135.1 88.548382) (xy 135.1 88.387499) (xy 135.126246 88.34822)
        (xy 135.220627 88.442601) (xy 135.499224 88.558) (xy 135.7565 88.558) (xy 135.946 88.3685) (xy 135.946 87.304)
